12
36
1 7 33 1000
1 8 4 1000
1 9 42 1000
1 10 46 1000
1 11 9 1000
1 12 11 1000
2 7 21 1000
2 8 28 1000
2 9 30 1000
2 10 34 1000
2 11 33 1000
2 12 35 1000
3 7 17 1000
3 8 24 1000
3 9 26 1000
3 10 30 1000
3 11 29 1000
3 12 31 1000
4 7 13 1000
4 8 20 1000
4 9 22 1000
4 10 26 1000
4 11 25 1000
4 12 27 1000
5 7 21 1000
5 8 28 1000
5 9 6 1000
5 10 10 1000
5 11 25 1000
5 12 27 1000
6 7 27 1000
6 8 14 1000
6 9 36 1000
6 10 40 1000
6 11 3 1000
6 12 5 1000
1
1
1
1
1
1
-1
-1
-1
-1
-1
-1
